4363626889374472383
13622451106697139207
4868155128591434000
14441335705316151544
8374383822500509034
1712093860359097364
6194371858449927064
2837125703567538944
15823176175080642490
17051010292015052360
4816733842493065943
2516084010800117769
2596608858210970381
3648473371057897148
1953313234822567701
7872365614108694146
3133946048208561009
5564557557163606980
16280375168424265695
18436191791438312605
14177500470055247655
9446993175443199961
2340487638638427180
1244752791239435669
2829114707778456317
1212445081622525740
5401325643088305423
8766296835824235193
13167794431012132208
18008976726584845604
17162064674555145595
12286071186565015662
9556517121119337343
4772149084968668335
6198705786854230049
13772839170972791266
11865055580530296044
15137180801455128792
8140853593094157241
2643285559144312995
14291589383379228627
12430895993722167693
3281630906590906783
9143498934842437471
5726679317055476696
11416500124893549920
1292330973655769507
8400158477869543678
9580056695906222495
9013775196916629111
2215002613563828399
17369650805465397481
13101090485535662813
15451895012298855056
11557553081646446324
2209595430197429629
12164906642330866481
9971115198167430050
4337237408313842398
16771752954268019256
11838323876171007383
15058624970621770233
17827221094666795108
10752609409283030371
8650308094618902649
14995411477123097423
7826919254095093047
8683217999877386519
4809469307780549100
10596281849448963319
11450591264782481033
9833444581727897482
5835718341419464370
13731312783328908367
18099299049398021604
12243627855600067930
1161948671502272416
8893460960742477440
2446188364161356327
15422306676156250904
5575975209863634478
17999030056655481303
4327876343781390473
18258362218835378513
3296880640328775774
17039981440326780825
15982737315728434828
3847561278260478700
14019386649682723082
10079601137815693590
12105993558640597403
358515690022302245
13567502251537522760
4279500708311015753
4971379646478524363
3607435683042400730
15976723457741813870
11274829699407335193
4147915870020613099
9784811128279482744
